1.57362 -1.27583
2.02896 1.17253
-1.86507 1.64104
2.06688 -0.976381
0.661796 -0.671415
-2.0123 0.165272
-1.10751 -1.09066
0.234407 1.72508
2.28753 1.73761
2.32444 1.63693
-1.71193 0.790436
2.35296 1.68388
2.28583 -1.36548
-0.0731218 1.04337
1.5014 -0.710397
-1.79057 -1.73326
-0.391194 -1.35637
2.07868 0.489172
1.46104 1.32451
2.29746 0.0128195
0.778703 1.04275
-2.32144 -0.485471
1.74565 -1.00826
2.16997 0.634758
0.893676 -0.354415
1.2887 0.842265
1.21566 -0.0883446
-0.538865 -0.272693
0.77739 -1.14147
-1.64407 -0.693304
1.03023 1.04048
-2.34084 -0.642074
-1.11539 1.3035
-2.26914 -1.2281
-2.01434 1.72924
1.61729 1.12666
0.974143 -1.31186
-0.914503 0.923125
2.25111 -0.0329384
-2.32777 0.572619
-0.306278 -1.30936
-0.592208 -1.01427
1.32758 -1.57074
1.476 -1.62246
-1.56564 -0.319441
-0.051178 -0.147038
-0.272069 -0.0435088
0.731565 1.02891
1.04682 1.47306
1.27343 1.07636
-1.11987 0.72021
0.898514 -1.74014
0.77549 0.737463
-1.68694 0.503863
-1.90501 -0.153885
-0.00817966 0.95871
2.29872 0.258141
-0.798071 1.31865
0.426339 1.07861
-1.38094 -1.68779
1.25634 1.12436
-1.22452 1.12294
0.0297854 1.54026
0.995384 -0.305667
1.95452 -0.268922
2.29646 0.283349
0.236078 -1.1968
-1.80688 0.916059
-1.75353 -0.944454
-1.21246 1.08407
1.70359 1.70983
-1.22859 -0.586431
1.57142 -0.700589
-1.28238 -1.70261
2.14632 -0.989668
-0.750081 1.42578
-1.51702 1.21964
-1.24458 1.59256
0.580224 0.976142
-0.133556 1.70611
-0.741702 -1.51342
1.65414 1.02759
0.426321 0.330763
0.248618 0.814795
2.08597 0.683315
-1.0708 0.629369
1.286 -0.376878
1.26865 0.215451
-0.597771 -1.02176
0.339108 0.0958002
-2.12073 -0.33527
-2.23025 -0.515332
0.153988 0.324883
1.39584 -0.502792
2.17005 1.62738
-1.85047 -1.20947
0.344118 -0.367821
-0.153047 -0.394464
-2.44049 0.794342
-0.814387 -0.390006
